# Displacement (mm)	Force (kN)
-0.005497	-0.001832
0.034500	0.965883
0.069000	1.811527
0.103500	2.655895
0.155250	3.922285
0.232875	5.821801
0.349313	8.670930
0.523969	12.944273
0.785953	19.349504
0.738094	18.189766
0.048094	1.331969
-0.641906	-15.558277
-0.668094	-16.216941
0.043813	1.187230
1.423813	34.720031
1.196187	28.465102
-0.183813	-3.648195
-1.563812	-37.448098
-1.056188	-24.617355
0.647625	14.549543
3.407625	71.030984
1.832375	37.814184
-0.927625	-15.722121
-3.687625	-71.758016
-1.552375	-29.885512
1.811437	32.341254
5.951437	100.355312
5.272313	86.564258
4.496063	74.500305
3.719813	62.300402
2.943563	50.085836
1.779187	31.624156
0.032625	3.511984
-2.587219	-47.761523
-5.483016	-84.924133
-2.535691	-39.464691
0.548844	7.578992
6.068844	107.373031
7.448844	109.398609
7.171156	103.959602
5.791156	84.626008
4.411156	65.338727
2.341156	36.131020
-0.763844	-8.475004
-5.421344	-87.721664
-5.921156	-83.374359
-2.428031	-34.606012
1.331367	18.774473
4.606172	69.710961
7.062275	100.580766
9.253570	124.324766
8.793050	117.678094
8.332531	111.752289
7.872011	105.799781
7.411492	99.850820
6.720713	90.880789
5.684544	77.412469
4.130291	57.139398
1.798911	26.541816
-1.698158	-20.904551
-3.009559	-41.072648
-4.976660	-67.101578
-7.927312	-102.883000
-9.859698	-121.550719
-7.646709	-93.982117
-5.433720	-66.960805
-3.220731	-39.926293
0.138253	1.923203
7.109169	102.316609
9.524170	117.720180
11.939170	141.706984
13.645830	151.245344
13.042080	143.522625
12.891143	142.136687
12.740205	140.443000
12.683603	139.812266
12.598701	138.874719
12.471348	137.441516
12.280317	135.318984
11.993773	132.115891
11.563954	127.314367
10.919227	120.108000
9.952136	109.289406
8.501500	92.994469
6.325546	68.505445
3.061615	31.514816
-1.834282	-25.432977
-9.178128	-110.974500
-9.637118	-111.307750
-10.096108	-115.827438
-10.325604	-117.773211
-10.555099	-119.637594
-10.899342	-122.263117
-11.415707	-125.926812
-12.190252	-130.698180
-13.352072	-136.582484
-13.486109	-135.444219
-13.195654	-131.815219
-12.905199	-128.364656
-12.614744	-124.918781
-12.324289	-121.475352
-11.888607	-116.368500
-11.725226	-114.528500
-11.480155	-111.673563
-11.112549	-107.460273
-10.561138	-101.323766
-9.734023	-92.529836
-8.493349	-80.052516
-6.632339	-61.295750
-3.840825	-33.400148
0.445432	10.324762
8.520885	104.862961
11.549180	124.307703
12.306254	131.251828
13.063328	137.877344
13.347231	140.118609
13.773085	143.253734
14.411865	147.031375
15.050647	149.004578
15.689427	150.145078
16.328209	151.197438
17.286381	152.363125
17.276363	150.364766
15.839106	136.331547
14.401848	122.488734
12.964591	108.595273
10.808705	87.675727
7.574876	56.129328
2.724133	8.705352
-4.551982	-67.574609
-7.280525	-84.609945
-11.373340	-113.478969
-12.396544	-117.161508
-13.419746	-119.766195
-14.954552	-122.870453
-16.489357	-124.408711
-16.873058	-123.692281
-17.256760	-122.490945
-17.832312	-120.430766
-17.304359	-109.201531
-16.009367	-93.351180
-14.714375	-80.859102
-13.419383	-70.240109
-11.476895	-59.643809
-8.563163	-43.983781
-4.192565	-20.694578
-2.553591	-11.973469
-0.095129	1.347805
4.390911	26.495918
6.081103	45.851633
7.771296	60.701754
9.461488	74.171195
11.151680	86.732039
13.686969	105.757469
17.489902	133.166406
19.391369	144.976781
21.292835	151.123281
21.768202	150.995172
21.756432	150.411094
21.281065	146.015094
20.805698	141.914875
20.330332	137.802687
19.854965	133.809703
19.141916	128.389703
18.072342	120.323758
16.467979	108.248312
14.061436	90.152492
10.451620	63.053406
5.036898	22.411301
-3.085186	-38.767109
-6.130968	-43.845039
-7.273136	-49.895645
-8.986387	-58.723594
-11.556266	-71.965359
-15.411083	-84.345664
-19.265900	-89.606883
-20.879282	-85.780250
-20.638355	-83.756695
-20.397430	-81.822695
-20.036041	-78.973109
-19.493958	-74.736945
-18.680832	-70.348867
-18.375910	-68.928703
-17.918528	-66.913961
-17.232452	-63.933391
-16.203341	-59.570500
-14.659673	-53.205344
-12.344171	-44.095727
-8.870917	-31.316703
-7.568448	-26.629836
-5.614743	-20.014871
-2.684186	-10.449102
-1.585227	-6.872996
0.074704	-1.575930
2.996935	7.815156
4.092772	17.194078
5.736527	27.534445
8.202161	41.508711
11.900610	64.263492
17.448284	98.878297
21.609039	124.830547
23.169323	134.376875
23.559393	136.711969
23.949465	139.116047
24.534571	142.662625
25.412230	147.925109
25.710112	149.253844
24.832451	141.462250
23.954792	134.226000
23.077133	128.444820
21.760643	120.085320
19.785910	107.617492
16.823809	89.077547
12.380658	61.630328
5.715932	21.169043
3.216660	6.488215
-0.532249	-17.649266
-6.155611	-29.071855
-8.264372	-35.383723
-11.427513	-46.256414
-12.613691	-50.652898
-14.392959	-57.270266
-17.061859	-67.719883
-21.065210	-84.216516
-25.068560	-90.302188
-25.930601	-90.107836
-25.680393	-87.835047
-25.305079	-84.820461
-24.742107	-80.421648
-23.897650	-74.322063
-23.580978	-72.748672
-23.105972	-70.646062
-22.393461	-67.623937
-21.324696	-63.364719
-20.255930	-59.246684
-19.187164	-55.250469
-17.584017	-49.533625
-15.179294	-41.443066
-11.572209	-30.262723
-10.219553	-26.185918
-8.190568	-20.603590
-5.147091	-12.717918
-4.005787	-9.807301
-2.293832	-5.614270
0.316272	0.698691
1.427397	3.419332
3.094085	7.645316
5.594117	24.599648
9.344165	44.953262
14.969236	73.528289
17.078638	85.476320
20.242743	103.404797
24.988895	130.538828
26.175434	137.047234
27.361973	143.645125
28.548512	149.834656
29.735050	151.794062
29.078411	145.448563
27.891872	136.089750
26.705334	128.562164
25.518795	121.478859
23.738987	111.619625
21.069277	96.823437
17.064709	74.822758
11.057858	42.303555
8.805288	30.285863
5.426435	12.532832
0.358154	-14.292844
-1.542451	-14.074918
-2.255178	-15.176387
-3.324269	-17.757387
-4.927905	-21.508852
-7.333358	-27.385047
-10.941539	-36.731957
-12.294606	-40.582293
-14.324208	-46.474047
-17.368610	-56.109578
-18.510262	-60.132859
-20.222738	-66.073297
-22.791452	-75.488859
-25.360167	-83.872672
-27.928881	-85.696633
-29.502405	-82.832234
-29.341860	-81.357797
-29.181314	-80.093922
-29.020771	-78.887859
-28.779953	-77.104000
-28.418728	-74.453617
-27.876890	-70.517617
-27.064133	-66.285078
-25.844997	-61.819023
-24.016293	-55.619016
-21.273237	-47.047781
-17.158653	-35.691145
-15.615685	-31.665715
-13.301231	-26.372141
-9.829552	-18.930336
-8.527672	-16.199305
-6.574852	-12.393574
-3.645622	-6.918152
-2.547161	-4.855379
-0.899469	-1.920914
1.781678	2.831828
2.832082	4.911008
4.407687	10.305328
6.771095	23.381086
10.316207	40.917332
15.633875	64.290375
16.963291	70.958945
18.292709	77.642516
20.286835	87.738531
23.278023	103.066219
27.764805	126.487727
29.447348	135.137969
31.129892	143.685844
32.812435	151.496422
33.505020	151.867797
33.084385	148.078359
32.663750	144.777250
32.243114	141.567422
31.822477	138.192516
31.401842	134.710813
30.770887	130.401570
30.139935	126.169813
29.508980	122.570219
28.562550	117.985633
27.142904	110.996711
25.013435	100.739352
21.819231	85.001375
17.027925	62.408344
15.231186	53.762750
12.536077	40.949773
8.493413	22.220191
6.977414	16.594168
4.703415	5.610750
1.292418	-10.585496
-3.824079	-19.021328
-5.742765	-19.602340
-6.462272	-21.113137
-7.541533	-22.988223
-9.160424	-26.142523
-11.588761	-31.036039
-12.499388	-33.048766
-13.865328	-36.022273
-15.914237	-40.827152
-18.987602	-48.528777
-20.140112	-51.621109
-21.868879	-56.142387
-24.462030	-63.293840
-25.434464	-66.171828
-26.893110	-70.496047
-29.081081	-75.985125
-32.363037	-76.306680
-33.183529	-75.124625
-33.995983	-73.920078
-33.919064	-73.346852
-33.842140	-72.792117
-33.765221	-72.244164
-33.649841	-71.427766
-33.476768	-70.208523
-33.217159	-68.385430
-32.827747	-65.678906
-32.243629	-61.664344
-31.367453	-58.302148
-30.053188	-54.172094
-28.081791	-48.432770
-25.124695	-40.700996
-24.015783	-37.909469
-22.352417	-34.664914
-19.857367	-30.025922
-18.921722	-28.244453
-17.518257	-25.818305
-15.413059	-22.273285
-14.623610	-20.918156
-13.439436	-19.033238
-11.663175	-16.262395
-8.998782	-12.325121
-7.999636	-10.835352
-6.500916	-8.772996
-4.252835	-5.747703
-3.409805	-4.596707
-2.145259	-2.947824
-0.248441	-0.472777
2.902290	3.805434
4.094775	7.372211
5.883502	15.401438
8.566593	26.620371
12.591230	44.462258
14.100469	48.416355
15.609708	55.158180
17.118946	61.734883
19.382805	71.684289
22.778591	87.182617
27.872272	111.158430
29.145693	116.223383
30.419113	121.681023
32.329243	130.617664
33.045540	133.639813
34.119991	138.538094
35.731663	146.043406
37.343334	152.327625
37.044994	148.329234
35.433319	135.709656
35.030403	132.986766
34.627483	130.920469
34.224567	128.926883
33.821648	126.965063
33.418732	125.012820
32.814354	122.425555
31.907787	118.079516
30.547939	111.618516
28.508167	102.080656
25.448507	88.368047
24.301136	83.628859
22.580076	76.228789
19.998489	65.121219
16.126108	48.948973
14.673965	43.522758
12.495751	34.335793
9.228430	22.020934
8.003184	17.593340
6.165316	9.707383
3.408514	-1.895461
-0.726690	-16.895023
-2.277392	-12.984523
-2.858905	-13.357965
-3.731174	-14.484770
-5.039579	-16.199906
-7.002185	-18.878262
-9.946095	-23.221281
-11.050061	-24.980184
-12.706011	-27.576926
-15.189935	-31.731418
-16.121407	-33.272059
-17.518614	-35.572598
-19.614424	-39.169449
-20.400354	-40.478559
-21.579247	-42.525555
-23.347588	-45.738859
-26.000099	-50.733395
-26.994789	-52.785715
-28.486828	-55.806570
-30.724882	-60.627027
-31.564154	-62.721273
-32.823059	-65.590156
-34.711418	-66.782672
-35.419556	-66.529234
-36.481758	-65.837531
-37.924938	-64.366469
-37.825359	-63.668242
-37.725777	-62.987898
-37.576405	-62.008391
-37.352345	-60.541031
-37.016258	-58.330555
-36.512127	-55.058328
-35.755932	-52.038926
-34.621635	-48.706113
-32.920193	-44.071609
-30.368029	-37.904113
-29.410969	-35.594129
