# Displacement (mm)	Force (kN)
-0.005875	-0.001125
0.034500	0.456055
0.069000	0.852949
0.103500	1.248984
0.155250	1.843023
0.232875	2.734062
0.349313	4.070570
0.523969	6.075203
0.785953	9.081887
0.738094	8.538699
0.048094	0.628793
-0.641906	-7.293176
-0.668094	-7.603785
0.043813	0.558840
1.423813	16.364406
1.196187	13.710078
-0.183813	-1.951605
-1.563812	-17.785762
-1.056188	-11.926184
0.647625	7.290328
3.407625	35.397500
1.832375	19.096438
-0.927625	-8.344312
-3.687625	-36.126469
-1.552375	-15.254816
1.811437	16.846781
5.951437	52.091406
2.943563	26.246783
-0.161438	-0.096820
-4.301437	-41.090957
-5.336438	-44.956504
-5.628562	-46.151637
-4.593563	-37.786734
-3.558563	-29.384906
-2.006063	-16.797441
0.430250	3.090727
5.087750	46.723844
6.467750	52.328969
7.847750	61.416168
6.772250	53.169559
5.392250	42.645266
4.012250	32.094959
1.942250	16.201363
-1.162750	-7.948637
-5.820250	-47.080813
-5.522250	-42.899703
-0.864750	-6.891770
4.740937	39.197727
6.465938	50.620164
9.053437	68.132875
9.700313	71.935547
9.652813	70.914242
8.682500	64.034230
7.712188	57.109039
6.741875	50.165250
5.286406	39.711297
3.103203	24.006746
-0.171602	0.257766
-5.083809	-40.793563
-8.016191	-55.994969
-2.841192	-19.914910
3.267332	22.899461
8.097332	57.124437
12.657668	83.707094
12.318058	81.290086
11.978449	79.080594
11.638840	76.881406
11.299231	74.696016
10.789816	71.389523
10.025695	66.437313
8.879514	59.016566
7.160241	47.856727
4.581333	31.085705
0.712970	5.785824
-5.089575	-35.757180
-13.793392	-82.827625
-13.798616	-82.291773
-13.390625	-79.727656
-13.288627	-79.101281
-13.186629	-78.493555
-13.084631	-77.873422
-12.982634	-77.270141
-12.829637	-76.341813
-12.600142	-74.968891
-12.255898	-72.894148
-11.739534	-69.800547
-10.964989	-65.156426
-9.803169	-58.199461
-8.060440	-47.760875
-5.446347	-32.085076
-1.525207	-8.471422
5.601218	36.569547
11.272867	68.576680
13.399735	80.462875
15.526604	90.118461
17.653473	96.549883
17.283092	93.527922
16.219660	87.483273
15.156225	81.535062
14.092791	75.564539
12.497639	66.585125
10.104912	53.104211
6.515821	32.819375
1.132186	2.192078
-6.943268	-47.061227
-12.999858	-74.914734
-13.378395	-76.934781
-13.756931	-78.645711
-14.324737	-81.141953
-14.892542	-83.431250
-15.460347	-85.169852
-15.602299	-85.720062
-15.744250	-86.061406
-15.957177	-86.647117
-16.276567	-87.508258
-16.755653	-88.780125
-17.474281	-90.614203
-17.447775	-89.781445
-16.908804	-86.655062
-16.369833	-83.712125
-15.830861	-80.775484
-15.022404	-76.353406
-13.809718	-69.796336
-11.990689	-59.907809
-9.262146	-45.092789
-5.169332	-22.808496
1.185421	12.229523
12.440661	75.399195
16.235662	89.427188
20.030663	97.021891
20.174337	95.298414
19.225588	90.284633
18.276838	85.418094
17.328089	80.558422
16.379337	75.708258
14.956213	68.404602
12.821526	57.436563
9.619494	40.958852
4.816448	16.115246
-2.388123	-21.771551
-13.194979	-73.525070
-14.143728	-76.882422
-15.566854	-80.668102
-16.989979	-84.234938
-17.345760	-85.934055
-17.701542	-86.825508
-18.235212	-88.163555
-19.035721	-90.027781
-20.236483	-92.336508
-21.962376	-95.302727
-21.512089	-92.932141
-21.061804	-90.595648
-20.386375	-87.158445
-19.710947	-83.726719
-19.035519	-80.308977
-18.022375	-75.244984
-16.502661	-67.651680
-14.223090	-56.242289
-10.803734	-39.099766
-5.674699	-13.254363
2.385917	28.409656
16.024487	87.977937
16.876898	88.912133
17.729309	90.409867
18.581718	91.738516
19.434130	92.923820
20.286541	94.024898
21.138950	95.000508
22.417566	95.910383
23.696182	96.428617
24.974798	96.712617
25.107277	95.800773
24.627796	93.405570
24.148315	91.059359
23.668835	88.776039
23.189354	86.536664
22.709873	84.288242
21.990650	80.915781
20.911819	75.848648
19.293570	68.242242
16.866198	56.822547
13.225139	39.665328
7.763551	13.865180
-0.428832	-25.341344
-12.717404	-74.019742
-15.789548	-77.861250
-18.861691	-82.635852
-19.629726	-85.037977
-20.397762	-86.890516
-21.549816	-89.257352
-23.277897	-92.430805
-25.005978	-95.160352
-25.265942	-94.705148
-24.833921	-92.430953
-24.725918	-91.957461
-24.563910	-91.131242
-24.320898	-89.976852
-23.956381	-88.198055
-23.409605	-85.597086
-22.589443	-81.736664
-21.359198	-76.139203
-19.513830	-67.710188
-16.745779	-55.064109
-12.593703	-36.029258
-6.365589	-7.363125
3.434519	39.100813
19.603664	90.537719
20.614235	90.561203
21.624807	91.592508
22.635378	92.421102
23.645950	93.201898
25.161808	94.377414
27.435593	95.528539
29.709379	95.701766
28.016834	87.666297
25.743050	77.904531
23.469263	68.082641
21.195478	58.261633
17.784800	43.499816
12.668780	21.365557
4.994754	-12.033730
-6.516287	-59.304195
-18.027328	-78.016602
-20.905088	-81.894203
-23.782850	-86.229531
-26.660610	-91.251656
-29.538370	-94.874070
-29.742189	-94.862414
-29.562330	-93.967594
-29.292540	-92.634086
-29.022749	-91.362977
-28.752960	-90.058094
-28.348274	-88.167625
-27.741247	-85.395016
-26.830706	-81.340375
-25.464893	-75.680047
-23.416176	-67.174172
-20.343100	-54.387227
-15.733483	-35.635781
-8.819060	-7.494285
1.759583	36.609797
19.391361	87.507109
23.799307	91.372805
24.901293	91.410633
26.003279	92.077766
26.416525	92.185289
27.036390	92.529508
27.966192	92.995711
29.360893	93.643602
31.452946	94.458383
33.544998	94.593914
33.408978	93.298312
33.016716	91.592539
32.428329	89.202148
31.839937	86.910344
31.251549	84.596750
30.368963	81.165164
29.045088	75.985594
27.059273	68.234305
24.080549	56.584133
19.612467	39.192258
12.910340	13.101988
2.857152	-25.978707
-0.912793	-38.842898
-6.567711	-57.886617
-8.688306	-64.251012
-11.869197	-71.001461
-15.050089	-73.427625
-18.230980	-76.043500
-21.411871	-78.999125
-26.183208	-83.543328
-30.954546	-89.063516
-32.147381	-91.382797
-33.340214	-92.162031
-33.787525	-92.388805
-33.541504	-90.340203
-32.870533	-86.991875
-32.199566	-83.785047
-31.193111	-79.280609
-29.683430	-73.105617
-28.173750	-67.557727
-26.664068	-61.995832
-24.399548	-54.209633
-21.002766	-43.030633
-15.907593	-26.292420
-8.264832	-2.057863
3.575696	37.160430
8.380519	55.661457
13.185343	71.913867
17.990166	82.231023
22.794989	87.098320
27.599813	90.931000
28.801018	90.992109
30.002224	91.533047
31.203430	91.960352
33.005238	92.613719
34.807049	93.136266
36.608856	93.600453
37.589336	93.486297
36.913658	90.636648
36.660278	89.703406
36.280209	88.330461
35.900139	87.002227
35.520069	85.652641
34.949966	83.661469
34.094810	80.633289
32.812080	76.109383
30.887980	69.410062
28.001829	59.671848
23.672607	45.035016
17.178772	23.039059
7.438018	-9.689398
-7.173112	-54.236547
-12.652286	-65.158961
-20.871046	-73.457289
-27.035118	-76.137625
-33.199188	-78.037250
-34.740208	-78.226906
-36.281223	-78.188125
-37.407249	-75.730969
-35.095722	-66.636969
-32.784199	-58.883391
-30.472672	-52.162531
-28.161144	-46.837738
-24.693855	-39.563039
-19.492920	-29.231174
-11.691519	-15.147359
-8.765993	-10.347184
-4.377705	-3.229363
2.436804	8.018629
5.165049	14.354422
9.257417	26.269549
15.395967	42.596172
24.603794	65.296586
28.056730	73.842453
29.351582	76.966805
31.293858	81.663570
34.207272	88.028156
35.299801	90.093516
36.938595	91.108656
38.577393	91.677383
40.216187	92.164062
41.854984	92.590453
40.506222	87.618898
38.867428	82.214195
37.228630	77.386602
34.770439	70.828281
31.083147	61.062688
25.552214	46.538020
17.255812	25.032953
4.811207	-6.769043
0.144481	-16.577650
-6.855608	-27.127775
-9.480641	-30.964678
-13.418191	-37.333414
-19.324516	-47.019211
-25.230841	-56.899477
-26.707422	-59.174609
-28.184004	-61.510695
-30.398876	-62.837477
-31.229452	-63.013402
-32.475319	-63.232102
-34.344116	-63.504859
-37.147312	-63.578477
-39.950512	-63.032547
-41.246292	-59.953883
-40.545494	-57.355785
-39.844692	-55.047457
-39.143894	-52.771293
-38.443096	-50.522906
-37.391895	-47.199109
-36.997696	-45.992137
-36.406399	-44.538594
-35.519447	-42.962039
-34.189026	-40.672293
-32.193390	-37.392051
-29.199936	-32.794527
-24.709755	-26.510814
-23.025938	-24.150701
-20.500212	-21.089627
-16.711622	-16.817898
-15.290902	-15.268313
-13.159821	-13.124484
-9.963198	-10.043680
-8.764464	-8.872887
-6.966365	-7.214656
-4.269215	-4.800801
-3.257784	-3.865918
-1.740637	-2.541746
0.586044	-0.497258
1.520715	0.471641
2.922721	1.761934
5.025731	3.724957
5.814359	4.485000
6.997302	5.568121
8.771716	7.544984
11.433338	13.418594
15.425770	21.362148
19.418201	28.139590
20.416311	29.941100
21.414419	31.869961
22.911581	34.750430
25.157324	39.204867
25.999477	40.895215
27.262709	43.435961
27.736420	44.395059
28.446987	45.842906
29.512836	48.075445
29.779301	48.616906
30.045763	49.158008
30.445456	49.994895
30.595343	50.296062
30.820169	50.785590
31.157412	51.598074
31.241722	51.781242
31.326033	51.979254
31.410343	52.190195
31.494654	52.422852
31.578964	52.635398
31.663275	52.915527
31.747585	53.147820
31.831896	53.427980
31.863512	53.479508
31.895128	53.624684
31.903032	53.574094
31.910936	53.690234
31.918840	53.653070
31.920816	53.730191
31.922792	53.639781
31.925756	53.647867
31.930202	53.649914
31.934649	53.637148
31.939095	53.627816
31.943541	53.615641
31.944653	53.612891
31.946320	53.599125
31.948820	53.603848
31.949759	53.592789
31.951164	53.598828
31.953276	53.592711
31.954067	53.596891
31.955254	53.587277
31.957033	53.596176
31.957701	53.585797
31.958702	53.595719
31.960205	53.591262
31.962458	53.606383
31.963303	53.596359
31.964571	53.610730
31.966473	53.612492
31.967186	53.622141
31.968254	53.619086
31.969858	53.637258
31.972265	53.647512
31.975874	53.671164
31.981289	53.685297
31.986704	53.693113
31.992117	53.689609
31.997532	53.772199
32.005653	53.660922
32.013775	53.774969
32.021896	53.683219
32.030018	53.809148
32.042198	53.745469
32.060471	53.876148
32.087879	53.881215
32.128994	54.046234
32.190666	54.167344
32.283173	54.449750
32.421928	54.799672
32.560688	55.215082
32.699448	55.585367
32.838207	56.011375
32.976967	56.384977
33.115726	56.815352
33.254486	57.210758
33.393246	57.587059
33.532005	57.871055
33.670765	58.123844
33.809521	58.233008
33.948280	58.259516
33.982971	58.303570
34.017662	58.342555
34.052349	58.346992
34.087040	58.325895
34.121731	58.274625
34.156422	58.169000
34.173767	58.095953
34.191109	58.001066
34.208454	57.849562
34.225800	57.454008
34.230137	57.300781
34.234474	57.163070
34.238808	56.935281
34.243145	56.666047
34.244228	56.576352
34.245312	56.487234
34.246941	56.336461
34.247547	56.266516
34.248463	56.123469
34.248806	56.066641
34.249321	55.971230
34.249516	55.932680
34.249588	55.917812
34.249695	55.894227
34.249859	55.858391
34.249920	55.845211
34.250011	55.825562
34.250103	55.807500
34.250126	55.803395
34.250149	55.799184
34.250172	55.795031
34.250187	55.791984
34.250206	55.788938
34.250210	55.788242
34.250214	55.787492
34.250217	55.786742
34.250225	55.785625
34.250233	55.783945
34.250237	55.783367
34.250240	55.782758
34.250244	55.782148
34.250248	55.781539
34.250252	55.780938
34.250256	55.780344
34.250259	55.779746
34.250263	55.779160
34.250267	55.778262
34.250275	55.776945
34.250290	55.774996
34.250305	55.772195
34.250336	55.768273
34.250374	55.763070
34.250439	55.757156
34.250530	55.752234
34.250671	55.749719
34.250877	55.748000
34.251190	55.747777
34.251663	55.756789
34.252365	55.789738
34.253426	55.857934
34.255009	55.955523
34.257389	56.059750
34.260956	56.144883
34.266308	56.194590
34.268318	56.205742
34.271328	56.209582
34.275845	56.230891
34.282619	56.229430
34.289391	56.217070
34.296165	56.072227
34.297436	56.130059
34.298706	56.196039
34.299976	56.191766
34.301247	56.143695
34.302517	56.067609
34.303787	55.941141
34.305691	55.601387
34.307598	54.981855
34.308075	54.777887
34.308552	54.542055
34.309265	54.114070
34.310337	53.168434
34.310604	52.897039
34.310871	52.585398
34.310974	52.462734
34.311123	52.269430
34.311180	52.195875
34.311264	52.081227
34.311295	52.037742
34.311344	51.970590
34.311378	51.919176
34.311432	51.839719
34.311447	51.819875
34.311459	51.799934
34.311474	51.779910
34.311485	51.759816
34.311501	51.739680
34.311516	51.719469
34.311527	51.699168
34.311546	51.668266
34.311577	51.620039
34.311623	51.541055
34.311691	51.404305
34.311718	51.350770
34.311756	51.264531
34.311783	51.197008
34.311813	51.126883
34.311825	51.091352
34.311840	51.055352
34.311855	51.018961
34.311871	50.982266
34.311882	50.945406
34.311897	50.908461
34.311913	50.871508
34.311928	50.834617
34.311939	50.797789
34.311962	50.742625
34.311993	50.659379
34.312042	50.532078
34.312115	50.335488
34.312225	50.036531
34.312386	49.611172
34.312634	49.087582
34.313000	48.617086
34.313549	48.422723
34.314377	48.700883
34.315613	49.521020
34.317471	50.694992
34.320259	51.829820
34.324440	52.763484
34.330711	52.753969
34.340118	52.928945
34.354229	53.340719
34.368340	53.368273
34.382450	53.422367
34.403618	53.462812
34.435364	53.537320
34.482986	53.662195
34.554424	53.854367
34.661575	54.144266
34.822304	54.595641
35.063396	55.247148
35.425034	56.245508
35.967491	57.686070
36.781174	59.813609
38.001701	62.985191
39.832497	67.604453
42.578682	74.349602
45.324871	80.905531
45.988583	82.591289
45.302036	80.066234
44.615486	77.749500
43.928940	75.437461
43.242393	73.155586
42.212574	69.724602
40.667843	64.738445
38.350746	57.797891
36.033649	51.306500
33.716553	45.000258
30.240910	35.786129
25.027443	22.662770
23.724077	19.575473
22.420710	16.439707
21.117344	13.398527
20.628582	12.194715
19.895437	10.493227
18.795721	7.941742
18.383329	7.241711
17.970936	6.478930
17.867838	6.318996
17.764738	6.095770
17.738964	6.042168
17.713190	5.999145
17.706745	5.976984
17.704329	5.974453
17.700705	5.983961
17.699799	5.984992
17.698893	5.990656
17.697987	6.005203
17.697760	6.009539
17.697533	6.015023
17.697308	6.022332
17.697081	6.033086
17.697023	6.036082
17.696966	6.039344
17.696882	6.045012
17.696796	6.051773
17.696712	6.060109
17.696627	6.070855
17.696543	6.085480
17.696457	6.106148
17.696394	6.126156
17.696329	6.151645
17.696266	6.183527
17.696203	6.222340
17.696138	6.268168
17.696075	6.320645
17.696011	6.379078
17.695915	6.476742
17.695772	6.639992
17.695557	6.899059
17.695234	7.262750
17.694752	7.678371
17.694025	8.097719
17.692936	8.347918
17.691303	8.388344
17.689671	8.206457
17.688038	8.014812
17.686405	7.791363
17.684772	7.574738
17.682323	7.308453
17.678650	7.056191
17.673138	6.874387
17.664871	6.777996
17.656605	6.746273
17.648338	6.735617
17.642139	6.732410
17.639814	6.729984
17.636326	6.734090
17.631096	6.745504
17.625864	6.756914
17.621941	6.766012
17.618017	6.777277
17.614094	6.788219
17.610170	6.796559
17.606247	6.801250
17.602324	6.802590
17.598400	6.801578
17.592516	6.797031
17.588102	6.802242
17.583687	6.807953
17.579273	6.810398
17.572653	6.800262
17.566032	6.786988
17.564377	6.786133
17.561895	6.785680
17.558170	6.781477
17.556774	6.780684
17.554680	6.780211
17.551537	6.777891
17.546824	6.772168
17.539753	6.760949
17.532684	6.750238
17.525614	6.739863
17.515009	6.720652
17.504404	6.700703
17.493799	6.681453
17.477890	6.651383
17.461983	6.619867
17.446075	6.589242
17.422215	6.549266
17.398354	6.509746
17.374493	6.469570
17.350630	6.426668
17.314838	6.354832
17.261150	6.240684
17.180618	6.065164
17.100086	5.881129
17.019554	5.810227
16.939022	5.516395
16.858490	5.449406
16.777958	5.254445
16.697426	5.080383
16.616896	4.894605
16.536364	4.724043
16.455832	4.541230
16.375299	4.373000
16.294767	4.189379
16.214235	4.009496
16.133703	3.827473
16.103504	3.749191
16.058205	3.661230
16.046879	3.589574
16.035555	3.634355
16.032724	3.656633
16.029892	3.594766
16.027061	3.587828
16.024229	3.627992
16.023521	3.646820
16.022814	3.637844
16.022106	3.626871
16.021399	3.653164
16.020691	3.685977
16.019983	3.681992
16.019806	3.697793
16.019629	3.715883
16.019453	3.739629
16.019276	3.753781
16.019098	3.755613
16.018921	3.760953
16.018744	3.775910
16.018568	3.812637
16.018435	3.846906
16.018303	3.884996
16.018169	3.929031
16.017971	3.997734
16.017820	4.062500
16.017672	4.141719
16.017523	4.234117
16.017372	4.339164
16.017223	4.454750
16.017075	4.579020
16.016926	4.712617
16.016775	4.854844
16.016626	5.005172
16.016478	5.164340
16.016329	5.334203
16.016178	5.514016
16.016029	5.703656
16.015881	5.903406
16.015730	6.115410
16.015581	6.340500
16.015432	6.578879
16.015284	6.832637
16.015133	7.097750
16.015078	7.200676
16.015022	7.304934
16.014965	7.410063
16.014881	7.568914
16.014755	7.812090
16.014629	8.063742
16.014503	8.323121
16.014315	8.720789
16.014126	9.121613
16.013937	9.516945
16.013748	9.895406
16.013559	10.252457
16.013275	10.721398
16.012993	11.142074
16.012709	11.518859
16.012424	11.851398
16.012142	12.138059
16.011717	12.444508
16.011292	12.656098
16.010866	12.779570
16.010441	12.868195
16.010015	12.873270
16.009378	12.754137
16.008421	12.410020
16.006987	11.710117
16.004835	10.601398
16.001606	9.216176
15.996763	7.903516
15.989498	6.911629
15.978602	6.380199
15.962257	6.186867
15.937740	6.119215
15.900966	6.044289
15.845802	5.915676
15.763058	5.712160
15.680314	5.502469
15.597569	5.294613
15.473453	4.986879
15.349337	4.668844
15.225220	4.352961
15.039044	3.926355
14.759783	3.274531
14.480520	2.613605
14.201258	2.072266
13.921995	1.401219
13.642733	0.736816
13.223840	-0.180250
12.804946	-1.101980
12.386052	-2.012559
11.757712	-3.162422
11.286457	-4.071086
10.815202	-4.908426
10.343946	-5.861816
9.872691	-6.800086
9.165809	-8.133602
8.900727	-8.307281
8.701917	-8.616695
8.503106	-9.035406
8.304296	-9.417637
8.006079	-9.995609
7.558754	-10.860391
7.556134	-11.154883
7.553513	-11.138027
7.550891	-11.091109
7.548271	-11.050047
7.544339	-11.020648
7.538442	-10.993863
7.536230	-10.987277
7.532913	-10.975992
7.532084	-10.972344
7.531254	-10.962922
7.530425	-10.955375
7.529595	-10.940184
7.529388	-10.935273
7.529181	-10.930211
7.528870	-10.921070
7.528559	-10.908117
7.528248	-10.888605
7.528170	-10.883340
7.528092	-10.877785
7.527976	-10.868465
7.527801	-10.850336
7.527626	-10.826137
7.527451	-10.794652
7.527320	-10.765953
7.527189	-10.731492
7.527058	-10.691117
7.526926	-10.645145
7.526795	-10.593535
7.526664	-10.536422
7.526533	-10.474734
7.526402	-10.409633
7.526270	-10.341613
7.526139	-10.271086
7.526008	-10.198977
7.525877	-10.126191
7.525745	-10.052883
7.525614	-9.979352
7.525483	-9.905434
7.525352	-9.831469
7.525221	-9.757840
7.525089	-9.684180
7.524958	-9.610395
7.524827	-9.535980
7.524696	-9.461012
7.524565	-9.385645
7.524434	-9.309316
7.524302	-9.231797
7.524171	-9.152445
7.524040	-9.071285
7.523909	-8.988570
7.523777	-8.903973
7.523646	-8.817457
7.523515	-8.728574
7.523384	-8.638332
7.523252	-8.546570
7.523121	-8.453305
7.522924	-8.311762
7.522728	-8.167535
7.522531	-8.024082
7.522334	-7.882820
7.522138	-7.745219
7.521941	-7.611641
7.521744	-7.484281
7.521547	-7.362996
7.521350	-7.247586
7.521153	-7.136785
7.520957	-7.031297
7.520760	-6.929785
7.520563	-6.831145
7.520366	-6.734297
7.520169	-6.637496
7.519973	-6.541273
7.519776	-6.444469
7.519579	-6.346438
7.519382	-6.246766
7.519186	-6.144770
7.518989	-6.042320
7.518792	-5.939680
7.518595	-5.837387
7.518398	-5.735832
7.518201	-5.635160
7.518004	-5.534578
7.517808	-5.435102
7.517611	-5.335766
7.517414	-5.235762
7.517218	-5.134203
7.517021	-5.030168
7.516824	-4.922664
7.516627	-4.810676
7.516430	-4.693047
7.516233	-4.568426
7.516037	-4.435344
7.515840	-4.292273
7.515643	-4.137707
7.515446	-3.970156
7.515249	-3.788816
7.515053	-3.591684
7.514856	-3.374848
7.514659	-3.133527
7.514462	-2.862750
7.514266	-2.558855
7.514069	-2.215395
7.513921	-1.936613
7.513773	-1.640738
7.513626	-1.326723
7.513478	-0.997871
7.513330	-0.645656
7.513183	-0.271922
7.513072	0.018156
7.512962	0.320484
7.512851	0.634418
7.512740	0.955574
7.512630	1.288180
7.512588	1.416156
7.512547	1.544227
7.512505	1.673012
7.512443	1.868066
7.512349	2.163051
7.512256	2.464980
7.512163	2.773848
7.512069	3.086195
7.511976	3.404617
7.511882	3.727664
7.511789	4.050957
7.511695	4.376266
7.511602	4.702043
7.511508	5.024137
7.511415	5.344840
7.511322	5.663348
7.511229	5.976359
7.511135	6.288133
7.511042	6.600285
7.510948	6.945344
7.510855	7.242551
7.510715	7.709492
7.510610	8.060973
7.510505	8.413863
7.510399	8.766000
7.510294	9.112855
7.510190	9.457633
7.510084	9.799449
7.509979	10.134773
7.509821	10.628453
7.509703	10.993844
7.509585	11.356441
7.509467	11.714141
7.509349	12.053281
7.509171	12.552719
7.509038	12.920152
7.508905	13.278813
7.508772	13.624590
7.508639	13.941711
7.508506	14.254047
7.508373	14.554688
7.508241	14.846711
7.508108	15.116617
7.507975	15.376805
7.507842	15.632699
7.507709	15.866941
7.507576	16.099738
7.507442	16.328523
7.507309	16.535934
7.507176	16.742582
7.507043	16.943023
7.506911	17.191453
7.506778	17.346523
7.506645	17.503547
7.506512	17.669516
7.506312	17.908516
7.506163	18.090453
7.506013	18.254766
7.505863	18.404348
7.505713	18.563801
7.505489	18.791668
7.505321	18.966957
7.505153	19.123176
7.504984	19.264617
7.504816	19.421926
7.504563	19.627477
7.504374	19.803773
7.504185	19.981773
7.503995	20.133234
7.503711	20.353547
7.503428	20.526910
7.503143	20.696852
7.502859	20.806754
7.502575	20.862336
7.502149	20.868945
7.501723	20.741805
7.501297	20.574852
7.500871	20.297484
7.500232	19.751602
7.499593	19.124184
7.498954	18.371371
7.497995	17.163594
7.497036	15.930160
7.496078	14.633672
7.495120	13.425141
7.493681	11.614258
7.491525	9.188062
7.489368	7.165359
7.487211	5.443340
7.483975	3.561371
7.480741	2.242715
7.477505	1.187266
7.472652	0.198613
7.465373	-0.598359
7.454453	-1.026645
7.438075	-1.211898
7.413507	-1.264660
7.376655	-1.305090
7.321376	-1.455512
7.266098	-1.567750
7.210820	-1.683320
7.127903	-1.866914
7.044985	-2.016215
6.962068	-2.203102
6.837692	-2.458203
6.713315	-2.727395
6.588940	-2.984645
6.464563	-3.229977
6.277999	-3.672504
6.091435	-4.082977
5.904871	-4.501090
5.858230	-4.688828
5.811589	-4.673711
5.741628	-4.829141
5.636685	-4.995730
5.531743	-5.239234
5.426801	-5.416488
5.387447	-5.553547
5.328417	-5.584715
5.269388	-5.709836
5.210358	-5.774484
5.188221	-5.875430
5.155017	-5.862898
5.130114	-5.906789
5.092759	-5.923633
5.055404	-5.979488
5.018049	-6.006418
5.008710	-6.061203
4.999371	-6.045117
4.985363	-6.037418
4.964351	-6.001578
4.959098	-6.032703
4.953845	-6.025012
4.945965	-6.020148
4.934146	-5.962160
4.922327	-5.943672
4.910507	-5.895172
4.898688	-5.878492
4.886868	-5.829668
4.875049	-6.069387
4.863230	-6.154641
4.851410	-6.211437
4.833682	-6.192781
4.829249	-6.209812
4.824817	-6.171938
4.820385	-6.139473
4.815953	-6.072570
4.811521	-6.017273
4.807088	-5.927656
4.802656	-5.848113
4.798223	-5.740137
4.793791	-5.650930
4.787143	-5.515137
4.782156	-5.335465
4.777170	-5.216301
4.772184	-5.152500
4.767198	-5.060598
4.762211	-5.194246
4.757225	-5.174320
4.752239	-5.140520
4.747252	-5.095523
4.739773	-5.114016
4.732294	-5.124703
4.724814	-5.178117
4.713595	-5.250184
4.702376	-5.341469
4.691157	-5.384012
4.674328	-5.484523
4.657500	-5.522824
4.640671	-5.588125
4.615428	-5.629531
4.590185	-5.700016
4.564942	-5.727770
4.527077	-5.815117
4.489213	-5.871379
4.451348	-5.951676
4.394551	-6.025340
4.337754	-6.135457
4.280957	-6.220035
4.195762	-6.355562
4.131866	-6.353219
4.067969	-6.476477
4.004073	-6.565055
3.940176	-6.679148
3.844331	-6.809996
3.748487	-6.978184
3.652642	-7.121754
3.508875	-7.360902
3.365108	-7.579660
3.221340	-7.831488
3.077574	-8.058367
2.933806	-8.291043
2.718156	-8.644102
2.556418	-8.912309
2.394680	-9.154863
2.232942	-9.428523
2.071204	-9.680188
1.909466	-9.936336
1.666859	-10.326375
1.484903	-10.557238
1.302948	-10.850758
1.120993	-11.135543
0.939038	-11.416531
0.666105	-11.847898
0.461405	-12.160191
0.256706	-12.442129
0.052006	-12.745957
-0.152694	-13.048023
-0.357393	-13.336738
-0.562093	-13.617980
-0.613268	-13.666258
-0.664443	-13.727559
-0.741205	-13.819363
-0.856349	-13.950168
-0.971492	-14.079031
-1.086636	-14.196203
-1.115422	-14.224824
-1.126217	-14.230902
-1.142408	-14.231676
-1.166697	-14.231715
-1.203129	-14.233090
-1.257777	-14.242516
-1.298763	-14.241246
-1.339749	-14.223184
-1.380736	-14.199480
-1.411475	-14.162957
-1.442215	-14.119254
-1.465269	-14.063117
-1.488324	-14.007168
-1.511379	-13.949582
-1.511739	-13.945414
-1.512279	-13.943766
-1.513090	-13.941129
-1.514306	-13.934195
-1.516129	-13.908797
-1.517953	-13.858910
-1.519777	-13.776035
-1.521600	-13.640844
-1.523424	-13.445098
-1.524108	-13.360523
-1.525134	-13.217629
-1.526672	-12.961809
-1.528211	-12.671020
-1.529750	-12.359316
-1.532058	-11.834414
-1.534366	-11.330754
-1.536674	-10.907625
-1.538982	-10.585461
-1.542444	-10.355031
-1.545906	-10.316582
-1.549369	-10.396520
-1.554562	-10.677211
-1.562351	-11.140918
-1.574036	-11.704391
-1.591563	-12.220785
-1.617853	-12.605520
-1.657289	-12.829098
-1.716442	-12.937133
-1.775596	-12.968312
-1.834749	-13.005961
-1.893903	-13.031262
-1.916085	-13.041344
-1.949359	-13.046324
-1.999270	-13.077820
-2.049181	-13.091730
-2.099091	-13.119086
-2.149002	-13.152879
-2.198913	-13.177211
-2.248823	-13.209473
-2.298734	-13.240227
-2.348645	-13.271844
-2.398556	-13.304723
-2.448466	-13.332777
-2.498377	-13.371473
-2.535810	-13.394680
-2.591959	-13.431453
-2.613015	-13.454828
-2.644600	-13.465121
-2.676184	-13.490762
-2.707768	-13.497199
-2.755144	-13.524152
-2.826208	-13.583918
-2.897273	-13.633969
-2.968337	-13.695059
-3.039401	-13.755816
-3.066050	-13.762070
-3.106024	-13.801496
-3.145998	-13.840277
-3.185971	-13.869141
-3.200961	-13.897922
-3.223446	-13.892121
-3.231879	-13.900598
-3.244526	-13.911406
-3.263498	-13.927266
-3.291956	-13.951426
-3.334643	-13.987785
-3.366658	-14.007789
-3.414680	-14.049230
-3.462703	-14.086242
-3.510725	-14.133770
-3.558748	-14.153879
-3.630782	-14.233852
-3.684807	-14.257707
-3.711820	-14.297543
-3.738832	-14.295930
-3.759092	-14.332363
-3.789481	-14.336824
-3.819870	-14.379727
-3.850260	-14.383648
-3.895844	-14.435324
-3.941427	-14.456379
-3.987011	-14.505039
-4.032595	-14.524875
-4.078179	-14.571215
-4.123763	-14.590348
-4.169347	-14.636523
-4.214931	-14.651871
-4.260515	-14.693172
-4.306099	-14.698129
-4.351683	-14.729746
-4.397266	-14.736703
-4.431455	-14.748602
-4.465642	-14.723406
-4.499830	-14.723512
-4.534018	-14.687691
-4.568206	-14.641438
-4.576753	-14.623676
-4.585300	-14.634766
-4.593847	-14.612082
-4.606668	-14.553762
-4.625898	-14.408266
-4.640321	-14.328418
-4.647533	-14.270973
-4.654744	-14.206828
-4.661956	-14.107215
-4.669168	-14.029148
-4.670970	-13.998695
-4.672773	-13.972641
-4.675478	-13.915301
-4.679534	-13.858711
-4.681055	-13.828160
-4.683337	-13.777699
-4.684193	-13.753500
-4.685476	-13.730156
-4.687401	-13.675074
-4.688123	-13.661633
-4.689206	-13.640168
-4.689612	-13.626180
-4.690221	-13.612312
-4.690678	-13.596324
-4.691364	-13.579691
-4.691535	-13.574906
-4.691706	-13.570352
-4.691877	-13.565793
-4.692134	-13.556137
-4.692520	-13.544723
-4.692809	-13.532941
-4.693098	-13.523254
-4.693388	-13.513586
-4.693676	-13.500148
-4.693965	-13.488387
-4.694255	-13.476418
-4.694544	-13.460574
-4.694833	-13.446309
-4.695122	-13.431852
-4.695411	-13.413633
-4.695700	-13.397098
-4.695990	-13.380539
-4.696279	-13.360441
-4.696568	-13.342199
-4.696857	-13.324133
-4.697146	-13.302746
-4.697435	-13.283355
-4.697724	-13.264301
-4.698013	-13.242082
-4.698302	-13.221945
-4.698591	-13.199730
-4.698881	-13.176781
-4.699170	-13.153789
-4.699459	-13.133277
-4.699748	-13.112891
-4.700037	-13.092598
-4.700326	-13.071836
-4.700615	-13.047828
-4.700904	-13.025754
-4.701193	-13.001645
-4.701483	-12.976770
-4.701772	-12.951777
-4.702061	-12.929098
-4.702350	-12.906469
-4.702639	-12.883836
-4.702928	-12.860660
-4.703217	-12.834246
-4.703506	-12.809590
-4.703795	-12.782914
-4.704084	-12.755410
-4.704374	-12.727730
-4.704663	-12.702250
-4.704952	-12.677160
-4.705241	-12.649047
-4.705530	-12.622551
-4.705819	-12.596273
-4.706109	-12.567320
-4.706398	-12.537398
-4.706686	-12.507277
-4.706975	-12.479230
-4.707265	-12.451566
-4.707554	-12.420984
-4.707843	-12.391891
-4.708132	-12.362984
-4.708421	-12.331504
-4.708710	-12.299000
-4.709000	-12.266250
-4.709289	-12.233391
-4.709578	-12.202469
-4.709867	-12.171883
-4.710156	-12.140898
-4.710445	-12.106953
-4.710662	-12.082313
-4.710879	-12.058125
-4.711095	-12.032383
-4.711312	-12.005773
-4.711529	-11.978785
-4.711746	-11.951582
-4.711963	-11.924141
-4.712180	-11.897730
-4.712342	-11.878055
-4.712505	-11.858281
-4.712667	-11.838184
-4.712830	-11.816844
-4.712993	-11.794547
-4.713155	-11.771656
-4.713318	-11.748328
-4.713481	-11.724594
-4.713644	-11.701242
-4.713806	-11.677914
-4.713969	-11.654211
-4.714131	-11.629098
-4.714294	-11.602805
-4.714457	-11.575656
-4.714619	-11.547824
-4.714782	-11.520156
-4.714944	-11.492367
-4.715107	-11.464121
-4.715270	-11.434445
-4.715432	-11.403578
-4.715595	-11.371855
-4.715757	-11.339469
-4.715920	-11.307258
-4.716083	-11.274984
-4.716245	-11.242324
-4.716408	-11.208344
-4.716570	-11.173254
-4.716733	-11.137391
-4.716896	-11.100965
-4.717059	-11.064789
-4.717221	-11.028633
-4.717384	-10.992191
-4.717506	-10.964539
-4.717628	-10.936223
-4.717750	-10.907223
-4.717872	-10.877715
-4.717994	-10.847832
-4.718115	-10.817719
-4.718237	-10.787699
-4.718359	-10.757762
-4.718482	-10.727723
-4.718604	-10.697434
-4.718725	-10.666395
-4.718847	-10.634590
-4.718969	-10.602145
-4.719091	-10.569172
-4.719213	-10.535719
-4.719335	-10.502266
-4.719457	-10.468668
-4.719579	-10.434773
-4.719701	-10.400461
-4.719823	-10.365664
-4.719945	-10.329957
-4.720067	-10.293344
-4.720189	-10.255988
-4.720311	-10.218078
-4.720433	-10.179953
-4.720555	-10.141629
-4.720677	-10.103031
-4.720799	-10.064043
-4.720921	-10.024250
-4.721012	-9.993867
-4.721104	-9.963156
-4.721195	-9.932254
-4.721287	-9.901219
-4.721378	-9.870043
-4.721470	-9.838504
-4.721561	-9.806520
-4.721653	-9.774168
-4.721744	-9.741633
-4.721836	-9.708980
-4.721927	-9.676176
-4.722019	-9.643160
-4.722110	-9.609879
-4.722201	-9.576105
-4.722293	-9.541809
-4.722384	-9.507152
-4.722476	-9.472207
-4.722568	-9.436805
-4.722659	-9.400895
-4.722750	-9.364617
-4.722842	-9.328031
-4.722933	-9.291133
-4.723025	-9.253887
-4.723116	-9.216121
-4.723208	-9.177898
-4.723299	-9.139273
-4.723391	-9.100105
-4.723482	-9.060379
-4.723574	-9.020285
-4.723665	-8.980379
-4.723757	-8.940227
-4.723848	-8.899609
-4.723939	-8.858465
-4.724031	-8.816816
-4.724123	-8.774688
-4.724214	-8.732141
-4.724306	-8.689160
-4.724397	-8.645762
-4.724488	-8.601996
-4.724580	-8.558336
-4.724671	-8.514395
-4.724763	-8.469984
-4.724854	-8.425094
-4.724946	-8.379781
-4.725037	-8.334055
-4.725129	-8.287969
-4.725220	-8.241988
-4.725312	-8.195770
-4.725403	-8.149129
-4.725495	-8.102039
-4.725586	-8.054582
-4.725677	-8.006777
-4.725769	-7.959062
-4.725861	-7.911113
-4.725952	-7.862758
-4.726044	-7.813988
-4.726135	-7.764859
-4.726226	-7.715410
-4.726318	-7.666051
-4.726409	-7.616480
-4.726501	-7.566523
-4.726593	-7.516199
-4.726684	-7.465531
-4.726775	-7.414930
-4.726867	-7.364105
-4.726958	-7.312910
-4.727050	-7.261348
-4.727141	-7.209453
-4.727233	-7.157625
-4.727324	-7.105578
-4.727416	-7.053168
-4.727507	-7.000398
-4.727599	-6.947309
-4.727690	-6.894297
-4.727782	-6.841078
-4.727873	-6.787488
-4.727964	-6.733527
-4.728056	-6.679246
-4.728148	-6.625070
-4.728239	-6.570711
-4.728331	-6.516016
-4.728422	-6.460988
-4.728513	-6.406027
-4.728605	-6.350875
-4.728696	-6.295379
-4.728788	-6.239551
-4.728879	-6.183789
-4.728971	-6.127832
-4.729062	-6.071535
-4.729154	-6.014918
-4.729245	-5.958371
-4.729337	-5.901641
-4.729428	-5.844594
-4.729520	-5.787242
-4.729611	-5.729961
-4.729702	-5.672516
-4.729794	-5.614770
-4.729886	-5.556734
-4.729977	-5.498781
-4.730069	-5.440680
-4.730160	-5.382324
-4.730251	-5.324027
-4.730343	-5.265562
-4.730434	-5.206793
-4.730526	-5.147730
-4.730618	-5.088738
-4.730709	-5.029605
-4.730800	-4.970219
-4.730892	-4.910898
-4.730983	-4.851418
-4.731075	-4.791684
-4.731166	-4.732004
-4.731258	-4.672168
-4.731349	-4.612086
-4.731441	-4.552059
-4.731532	-4.491887
-4.731624	-4.431477
-4.731715	-4.371129
-4.731807	-4.310645
-4.731898	-4.249937
-4.731989	-4.189297
-4.732081	-4.128535
-4.732172	-4.067863
-4.732264	-4.007055
-4.732356	-3.946027
-4.732447	-3.885059
-4.732538	-3.823977
-4.732630	-3.762699
-4.732721	-3.701508
-4.732813	-3.640227
-4.732904	-3.578777
-4.732996	-3.517430
-4.733087	-3.456012
-4.733179	-3.394719
-4.733270	-3.333344
-4.733362	-3.271805
-4.733453	-3.210355
-4.733545	-3.148863
-4.733636	-3.087496
-4.733727	-3.026047
-4.733819	-2.964434
-4.733911	-2.902922
-4.734002	-2.841637
-4.734094	-2.780309
-4.734185	-2.718812
-4.734276	-2.657395
-4.734368	-2.595914
-4.734459	-2.534297
-4.734551	-2.472793
-4.734643	-2.411289
-4.734734	-2.349941
-4.734825	-2.288555
-4.734917	-2.227305
-4.735008	-2.166020
-4.735100	-2.104621
-4.735191	-2.043340
-4.735283	-1.982316
-4.735374	-1.921293
-4.735466	-1.860164
-4.735557	-1.799145
-4.735649	-1.738129
-4.735740	-1.677258
-4.735832	-1.616398
-4.735923	-1.555684
-4.736014	-1.494949
-4.736106	-1.434359
-4.736197	-1.373781
-4.736289	-1.313359
-4.736381	-1.252934
-4.736472	-1.192652
-4.736563	-1.132395
-4.736655	-1.072297
-4.736746	-1.012223
-4.736838	-0.952305
-4.736929	-0.892398
-4.737021	-0.832641
-4.737112	-0.772926
-4.737204	-0.713383
-4.737295	-0.653879
-4.737387	-0.594547
-4.737478	-0.535258
-4.737570	-0.476141
-4.737661	-0.417262
-4.737752	-0.358430
-4.737844	-0.299551
-4.737936	-0.240816
-4.738027	-0.182152
-4.738119	-0.123680
-4.738210	-0.065480
-4.738301	-0.007359
-4.738439	0.079285
-4.738576	0.166098
-4.738713	0.252578
-4.738850	0.339078
-4.738987	0.425219
-4.739125	0.511348
-4.739262	0.597094
-4.739399	0.682320
-4.739605	0.810063
-4.739811	0.937027
-4.740016	1.063953
-4.740222	1.189781
-4.740428	1.314242
-4.740634	1.437355
-4.740943	1.618277
-4.741251	1.798918
-4.741560	1.976301
-4.741638	2.021125
-4.741714	2.065293
-4.741792	2.109105
-4.741869	2.152668
-4.741985	2.217227
-4.742158	2.313098
-4.742332	2.407598
-4.742506	2.500426
-4.742766	2.637453
-4.742962	2.738375
-4.743157	2.836895
-4.743352	2.933129
-4.743646	3.072211
-4.743865	3.175395
-4.744085	3.276305
-4.744305	3.374746
-4.744635	3.519000
-4.744882	3.624383
-4.745129	3.726270
-4.745377	3.918535
-4.745747	4.020934
-4.746026	4.112367
-4.746304	4.206906
-4.746582	4.299949
-4.746999	4.436562
-4.747312	4.535352
-4.747625	4.629473
-4.747938	4.716887
-4.748407	4.843625
-4.748759	4.934660
-4.749112	5.020781
-4.749464	5.104734
-4.749991	5.218078
-4.750388	5.300199
-4.750784	5.375285
-4.751180	5.443664
-4.751328	5.468961
-4.751551	5.504258
-4.751885	5.555078
-4.752220	5.602113
-4.752554	5.645230
-4.752804	5.677047
-4.753055	5.706777
-4.753305	5.734254
-4.753682	5.773418
-4.753963	5.800586
-4.754246	5.824980
-4.754528	5.848699
-4.754809	5.870352
-4.755092	5.889844
-4.755373	5.909094
-4.755655	5.926707
-4.755938	5.942551
-4.756219	5.958598
-4.756501	5.973426
-4.756783	5.986715
-4.757065	5.998559
-4.757347	6.009203
-4.757629	6.019383
-4.757911	6.030816
-4.758193	6.041934
-4.758475	6.052375
-4.758757	6.063824
-4.759039	6.074742
-4.759321	6.084781
-4.759603	6.095465
-4.759885	6.105379
-4.760167	6.114352
-4.760449	6.124176
-4.760731	6.133469
-4.761013	6.143379
-4.761295	6.152379
-4.761577	6.160312
-4.761859	6.167590
-4.762141	6.175887
-4.762423	6.183785
-4.762705	6.192246
-4.762987	6.199918
-4.763268	6.206777
-4.763551	6.214500
-4.763833	6.221629
-4.764114	6.227801
-4.764397	6.234738
-4.764678	6.241223
-4.764960	6.247008
-4.765243	6.253488
-4.765524	6.259430
-4.765806	6.264738
-4.766088	6.270988
-4.766370	6.276766
-4.766652	6.281777
-4.766934	6.287516
-4.767216	6.293234
-4.767498	6.299582
-4.767780	6.305504
-4.768062	6.310512
-4.768344	6.316031
-4.768626	6.321359
-4.768908	6.325883
-4.769190	6.331020
-4.769472	6.335965
-4.769754	6.341395
-4.770036	6.346367
-4.770318	6.350871
-4.770600	6.355895
-4.770882	6.360613
-4.771164	6.366109
-4.771446	6.371168
-4.771728	6.375527
-4.772010	6.380242
-4.772433	6.385805
-4.772856	6.393168
-4.773279	6.399309
-4.773702	6.406617
-4.774125	6.412355
-4.774548	6.416488
-4.774971	6.422172
-4.775393	6.426344
-4.775816	6.431328
-4.776239	6.434395
-4.776874	6.438949
-4.777508	6.438637
-4.778142	6.434016
-4.778777	6.431059
-4.779411	6.422914
-4.780046	6.414723
-4.780680	6.400648
-4.781315	6.386090
-4.782266	6.350309
-4.783218	6.313844
-4.784170	6.264379
-4.785121	6.213352
-4.786073	6.149789
-4.787024	6.085453
-4.787976	6.008984
-4.788928	5.932109
-4.789879	5.844250
-4.790831	5.757293
-4.791783	5.660117
-4.792735	5.564457
-4.793686	5.459906
-4.794638	5.358281
-4.795589	5.248566
-4.796541	5.142395
-4.797493	5.029367
-4.798444	4.921137
-4.799396	4.806660
-4.800348	4.697355
-4.801299	4.582785
-4.802251	4.474328
-4.803203	4.359906
-4.804154	4.253180
-4.805106	4.115484
-4.806057	4.024687
-4.807009	3.926637
-4.807961	3.821094
-4.808913	3.720820
-4.809864	3.616230
-4.810816	3.518441
-4.811768	3.416555
-4.812719	3.321559
-4.813671	3.230184
-4.814622	3.132883
-4.815574	3.041391
-4.816526	2.945988
-4.817477	2.857410
-4.818429	2.772445
-4.819381	2.681629
-4.820333	2.596824
-4.821284	2.515406
-4.822236	2.428156
-4.823187	2.346840
-4.824139	2.261457
-4.825090	2.182371
-4.826042	2.107090
-4.826994	2.026117
-4.827946	1.950953
-4.828897	1.879102
-4.829849	1.801523
-4.830801	1.729688
-4.831752	1.661133
-4.832704	1.586875
-4.833655	1.518266
-4.834607	1.452891
-4.835559	1.381828
-4.836510	1.316316
-4.837462	1.254000
-4.838414	1.186012
-4.839365	1.123484
-4.840317	1.064090
-4.841269	0.999035
-4.842220	0.939359
-4.843172	0.882109
-4.844123	0.818832
-4.845075	0.760348
-4.846027	0.704203
-4.846979	0.643223
-4.847930	0.588648
-4.848882	0.535680
-4.849833	0.478176
-4.850785	0.426734
-4.851737	0.377020
-4.852688	0.322422
-4.853640	0.273148
-4.854592	0.226699
-4.855543	0.174891
-4.856495	0.127883
-4.857447	0.083824
-4.858398	0.040914
-4.859350	-0.007996
-4.860301	-0.052445
-4.861253	-0.094039
-4.862205	-0.141156
-4.863156	-0.183434
-4.864108	-0.223055
-4.865060	-0.261348
-4.866012	-0.305723
-4.866963	-0.345590
-4.867915	-0.382891
-4.868866	-0.425391
-4.869818	-0.460586
-4.870770	-0.491930
-4.871721	-0.522676
-4.872673	-0.556402
-4.873625	-0.591242
-4.874577	-0.625824
-4.875528	-0.659871
-4.876480	-0.693277
-4.877431	-0.726367
-4.878383	-0.765281
-4.879334	-0.797395
-4.880286	-0.825734
-4.881238	-0.853395
-4.882190	-0.883871
-4.883141	-0.915379
-4.884093	-0.946578
-4.885045	-0.977148
-4.885996	-1.007000
-4.886948	-1.036453
-4.887899	-1.071484
-4.888851	-1.099973
-4.889803	-1.124742
-4.890754	-1.148801
-4.891706	-1.175566
-4.892658	-1.200652
-4.893610	-1.227109
-4.894561	-1.251516
-4.895513	-1.277324
-4.896464	-1.304152
-4.897416	-1.327906
-4.898367	-1.352742
-4.899319	-1.375566
-4.900271	-1.400129
-4.901223	-1.425422
-4.902174	-1.448086
-4.903126	-1.471672
-4.904078	-1.493379
-4.905029	-1.516582
-4.905981	-1.538223
-4.906932	-1.561063
-4.907884	-1.582020
-4.908836	-1.604348
-4.909787	-1.624863
-4.910739	-1.646715
-4.911691	-1.666996
-4.912642	-1.688383
-4.913594	-1.707926
-4.914546	-1.728773
-4.915497	-1.747855
-4.916449	-1.768203
-4.917400	-1.787000
-4.918352	-1.806828
-4.919304	-1.824836
-4.920256	-1.844066
-4.921207	-1.861566
-4.922159	-1.880273
-4.923110	-1.897488
-4.924062	-1.915707
-4.925014	-1.932187
-4.925965	-1.949895
-4.926917	-1.965980
-4.927869	-1.983301
-4.928821	-1.999246
-4.929772	-2.016227
-4.930724	-2.031605
-4.931675	-2.048227
-4.932627	-2.063352
-4.933578	-2.079730
-4.934530	-2.094836
-4.935482	-2.187937
-4.936434	-2.168988
-4.937385	-2.175320
-4.938337	-2.184602
-4.939289	-2.196691
-4.940240	-2.208199
-4.941192	-2.221461
-4.942143	-2.233891
-4.943095	-2.247609
-4.944047	-2.260086
-4.944998	-2.273910
-4.945950	-2.286512
-4.946902	-2.300383
-4.947854	-2.312984
-4.948805	-2.326797
-4.949757	-2.339520
-4.950708	-2.353238
-4.951660	-2.365590
-4.952611	-2.379094
-4.953563	-2.391313
-4.954515	-2.404656
-4.955467	-2.416703
-4.956418	-2.429844
-4.957370	-2.441688
-4.958322	-2.454605
-4.959273	-2.466438
-4.960225	-2.479152
-4.961176	-2.490539
-4.962128	-2.502977
-4.963080	-2.514172
-4.964031	-2.526410
-4.964983	-2.537414
-4.965935	-2.549434
-4.966887	-2.560219
-4.967838	-2.571988
-4.968790	-2.582535
-4.969741	-2.592074
-4.970693	-2.603453
-4.971644	-2.613918
-4.972596	-2.625434
-4.973548	-2.635648
-4.974500	-2.646812
-4.975451	-2.656719
-4.976403	-2.667609
-4.977355	-2.677285
-4.978306	-2.687957
-4.979258	-2.697437
-4.980209	-2.706012
-4.981161	-2.716258
-4.982113	-2.725730
-4.983065	-2.736148
-4.984016	-2.745410
-4.984968	-2.755508
-4.985919	-2.764484
-4.986871	-2.774336
-4.987823	-2.783113
-4.988774	-2.790957
-4.989726	-2.800457
-4.990678	-2.809207
-4.991629	-2.818918
-4.992581	-2.827492
-4.993533	-2.836918
-4.994484	-2.845238
-4.995436	-2.854437
-4.996387	-2.862578
-4.997339	-2.869855
-4.998291	-2.878660
-4.999242	-2.886832
-5.000194	-2.895879
-5.001146	-2.903902
-5.002098	-2.912688
-5.003049	-2.920473
-5.004001	-2.929051
-5.004952	-2.936676
-5.005904	-2.943414
-5.006855	-2.951652
-5.007807	-2.959277
-5.008759	-2.967766
-5.009711	-2.975254
-5.010662	-2.983500
-5.011614	-2.990773
-5.012566	-2.997195
-5.013517	-3.005012
-5.014469	-3.012289
-5.015420	-3.020379
-5.016372	-3.027555
-5.017324	-3.035426
-5.018275	-3.042395
-5.019227	-3.048500
-5.020179	-3.055977
-5.021131	-3.062918
-5.022082	-3.070684
-5.023034	-3.077547
-5.023985	-3.085105
-5.024937	-3.091773
-5.025888	-3.097621
-5.026840	-3.104762
-5.027792	-3.111438
-5.028744	-3.118883
-5.029695	-3.125496
-5.030647	-3.137422
-5.031599	-3.141879
-5.032550	-3.146773
-5.033502	-3.153270
-5.034453	-3.159445
-5.035405	-3.166473
-5.036357	-3.172723
-5.037308	-3.179637
-5.038260	-3.185762
-5.039212	-3.191109
-5.040164	-3.197660
-5.041115	-3.203828
-5.042067	-3.210723
-5.043018	-3.216887
-5.043970	-3.223637
-5.044922	-3.229648
-5.045873	-3.234867
-5.046825	-3.241254
-5.047777	-3.247262
-5.048728	-3.253996
-5.049680	-3.260008
-5.050632	-3.265238
-5.051583	-3.271551
-5.052535	-3.277508
-5.053486	-3.284141
-5.054438	-3.290090
-5.055390	-3.296578
-5.056342	-3.302383
-5.057293	-3.307422
-5.058245	-3.313543
-5.059196	-3.319336
-5.060148	-3.325816
-5.061100	-3.331637
-5.062051	-3.336695
-5.063003	-3.342766
-5.063955	-3.348531
-5.064906	-3.354930
-5.065858	-3.360707
-5.066810	-3.366977
-5.067761	-3.372613
-5.068713	-3.377508
-5.069664	-3.383410
-5.070616	-3.389031
-5.071568	-3.395297
-5.072519	-3.400969
-5.073471	-3.405906
-5.074423	-3.411777
-5.075375	-3.417387
-5.076326	-3.423594
-5.077278	-3.429238
-5.078229	-3.434145
-5.079181	-3.439961
-5.080132	-3.445523
-5.081084	-3.451687
-5.082036	-3.457293
-5.082988	-3.462188
-5.083939	-3.467957
-5.084891	-3.473504
-5.085843	-3.479621
-5.086794	-3.485238
-5.087746	-3.490176
-5.088697	-3.496016
-5.089649	-3.501699
-5.090601	-3.508043
-5.091552	-3.513992
-5.092504	-3.519398
-5.093456	-3.525781
-5.094408	-3.532148
-5.095359	-3.539270
-5.096311	-3.546137
-5.097262	-3.552566
-5.098214	-3.560055
-5.099165	-3.567629
-5.100117	-3.576031
-5.101069	-3.584270
-5.102021	-3.592160
-5.102973	-3.601137
-5.103924	-3.610273
-5.104876	-3.620270
-5.105827	-3.630172
-5.106779	-3.639762
-5.107730	-3.650445
-5.108682	-3.661313
-5.109634	-3.673055
-5.110586	-3.684715
-5.111537	-3.696078
-5.112489	-3.708500
-5.113441	-3.721117
-5.114392	-3.734563
-5.115344	-3.747934
-5.116295	-3.760992
-5.117247	-3.775051
-5.118199	-3.789273
-5.119150	-3.804285
-5.120102	-3.819187
-5.121054	-3.833750
-5.122005	-3.849230
-5.122957	-3.864848
-5.123909	-3.881180
-5.124860	-3.897375
-5.125812	-3.913184
-5.126763	-3.929840
-5.127715	-3.946582
-5.128667	-3.963980
-5.129619	-3.981195
-5.130570	-3.997992
-5.131522	-4.015551
-5.132473	-4.033168
-5.133425	-4.051367
-5.134377	-4.069371
-5.135328	-4.086906
-5.136280	-4.105148
-5.137232	-4.123406
-5.138183	-4.142211
-5.139135	-4.160781
-5.140087	-4.178871
-5.141038	-4.197609
-5.141990	-4.216340
-5.142941	-4.235570
-5.143893	-4.254562
-5.144845	-4.273051
-5.145796	-4.292137
-5.146748	-4.311203
-5.147700	-4.330742
-5.148652	-4.350023
-5.149603	-4.368797
-5.150555	-4.388125
-5.151506	-4.407422
-5.152458	-4.427148
-5.153409	-4.446629
-5.154361	-4.465586
-5.155313	-4.485062
-5.156265	-4.504492
-5.157216	-4.524336
-5.158168	-4.543918
-5.159120	-4.562977
-5.160071	-4.582512
-5.161023	-4.602000
-5.161974	-4.621867
-5.162926	-4.641477
-5.163878	-4.660563
-5.164830	-4.680086
-5.165781	-4.699555
-5.166733	-4.719383
-5.167685	-4.738949
-5.168636	-4.757992
-5.169588	-4.777441
-5.170539	-4.796828
-5.171491	-4.816555
-5.172443	-4.836023
-5.173394	-4.854965
-5.174346	-4.874289
-5.175298	-4.893547
-5.176250	-4.913129
-5.177201	-4.932465
-5.178153	-4.951270
-5.179104	-4.970438
-5.180056	-4.989547
-5.181007	-5.008957
-5.181959	-5.028129
-5.182911	-5.046777
-5.183863	-5.065762
-5.184814	-5.084688
-5.185766	-5.103906
-5.186718	-5.122883
-5.187669	-5.141348
-5.188621	-5.160129
-5.189572	-5.178852
-5.190524	-5.197852
-5.191476	-5.216629
-5.192427	-5.234891
-5.193379	-5.253457
-5.194331	-5.271961
-5.195282	-5.290738
-5.196234	-5.309289
-5.197186	-5.327344
-5.198137	-5.345672
-5.199089	-5.363957
-5.200040	-5.382492
-5.200992	-5.400812
-5.201944	-5.418641
-5.202896	-5.436738
-5.203847	-5.454777
-5.204799	-5.473070
-5.205750	-5.491152
-5.206702	-5.508754
-5.207654	-5.526598
-5.208605	-5.544398
-5.209557	-5.562434
-5.210509	-5.580277
-5.211460	-5.597633
-5.212412	-5.615227
-5.213364	-5.632770
-5.214315	-5.650547
-5.215267	-5.668129
-5.216218	-5.685250
-5.217170	-5.702586
-5.218122	-5.719887
-5.219073	-5.737406
-5.220025	-5.754746
-5.220977	-5.771629
-5.221929	-5.788727
-5.222880	-5.805777
-5.223832	-5.823055
-5.224783	-5.840160
-5.225735	-5.856820
-5.226687	-5.873668
-5.227638	-5.890488
-5.228590	-5.907523
-5.229542	-5.924391
-5.230494	-5.940824
-5.231445	-5.957445
-5.232397	-5.974031
-5.233348	-5.990824
-5.234300	-6.007465
-5.235251	-6.023676
-5.236203	-6.040063
-5.237155	-6.056418
-5.238107	-6.072973
-5.239058	-6.089387
-5.240010	-6.105383
-5.240962	-6.121539
-5.241913	-6.137668
-5.242865	-6.153992
-5.243816	-6.170184
-5.244768	-6.185965
-5.245720	-6.201895
-5.246671	-6.217805
-5.247623	-6.233902
-5.248575	-6.249875
-5.249527	-6.265441
-5.250478	-6.281160
-5.251430	-6.296848
-5.252381	-6.312727
-5.253333	-6.328484
-5.254284	-6.343852
-5.255236	-6.359352
-5.256188	-6.374836
-5.257140	-6.390496
-5.258091	-6.406047
-5.259043	-6.421215
-5.259995	-6.436512
-5.260946	-6.451785
-5.261898	-6.467242
-5.262849	-6.482590
-5.263801	-6.497570
-5.264753	-6.512660
-5.265704	-6.527746
-5.266656	-6.543000
-5.267608	-6.558156
-5.268559	-6.572953
-5.269511	-6.587859
-5.270463	-6.602758
-5.271414	-6.617828
-5.272366	-6.632801
-5.273317	-6.647434
-5.274269	-6.662160
-5.275221	-6.676891
-5.276173	-6.691777
-5.277124	-6.706586
-5.278076	-6.721059
-5.279027	-6.735621
-5.279979	-6.750184
-5.280931	-6.764910
-5.281882	-6.779559
-5.282834	-6.793883
-5.283786	-6.808289
-5.284738	-6.822703
-5.285689	-6.837266
-5.286641	-6.851766
-5.287592	-6.865945
-5.288544	-6.880207
-5.289495	-6.894469
-5.290447	-6.908887
-5.291399	-6.923234
-5.292351	-6.937281
-5.293302	-6.951398
-5.294254	-6.965520
-5.295206	-6.979793
-5.296157	-6.994000
-5.297109	-7.007914
-5.298060	-7.021891
-5.299012	-7.035875
-5.299964	-7.050000
-5.300915	-7.064078
-5.301867	-7.077859
-5.302819	-7.091703
-5.303771	-7.105555
-5.304722	-7.119543
-5.305674	-7.133488
-5.306625	-7.147148
-5.307577	-7.160859
-5.308528	-7.174578
-5.309480	-7.188438
-5.310432	-7.202250
-5.311384	-7.215789
-5.312335	-7.229375
-5.313287	-7.242973
-5.314239	-7.256699
-5.315190	-7.270391
-5.316142	-7.283812
-5.317093	-7.297273
-5.318045	-7.310750
-5.318997	-7.324352
-5.319948	-7.337918
-5.320900	-7.351227
-5.321852	-7.364570
-5.322803	-7.377930
-5.323755	-7.391410
-5.324707	-7.404859
-5.325658	-7.418059
-5.326610	-7.431285
-5.327561	-7.444527
-5.328513	-7.457887
-5.329465	-7.471223
-5.330417	-7.484312
-5.331368	-7.497426
-5.332320	-7.510555
-5.333272	-7.523801
-5.334223	-7.537023
-5.335175	-7.550008
-5.336126	-7.563016
-5.337078	-7.576031
-5.338030	-7.589168
-5.338981	-7.602277
-5.339933	-7.615164
-5.340885	-7.628059
-5.341836	-7.640973
-5.342788	-7.653992
-5.343740	-7.666996
-5.344691	-7.679777
-5.345643	-7.692578
-5.346595	-7.705383
-5.347546	-7.718297
-5.348498	-7.731195
-5.349450	-7.743883
-5.350401	-7.756574
-5.351353	-7.769281
-5.352304	-7.782086
-5.353256	-7.794883
-5.354208	-7.807477
-5.355159	-7.820070
-5.356111	-7.832676
-5.357063	-7.845383
-5.358015	-7.858078
-5.358966	-7.870578
-5.359918	-7.883074
-5.360869	-7.895582
-5.361821	-7.908188
-5.362772	-7.920793
-5.363724	-7.933199
-5.364676	-7.945602
-5.365628	-7.958016
-5.366579	-7.970531
-5.367531	-7.983035
-5.368483	-7.995355
-5.369434	-8.007672
-5.370386	-8.019996
-5.371337	-8.032418
-5.372289	-8.044840
-5.373241	-8.057078
-5.374192	-8.069313
-5.375144	-8.081555
-5.376096	-8.093887
-5.377048	-8.106227
-5.377999	-8.118391
-5.378951	-8.130543
-5.379902	-8.142711
-5.380854	-8.154965
-5.381805	-8.167223
-5.382757	-8.179312
-5.383709	-8.191391
-5.384661	-8.203484
-5.385612	-8.215656
-5.386564	-8.227840
-5.387516	-8.239863
-5.388467	-8.251863
-5.389419	-8.263883
-5.390370	-8.275977
-5.391322	-8.288086
-5.392274	-8.300039
-5.393225	-8.311973
-5.394177	-8.323922
-5.395129	-8.335945
-5.396080	-8.347984
-5.397032	-8.359867
-5.397984	-8.371734
-5.398935	-8.383613
-5.399887	-8.395566
-5.400839	-8.407531
-5.401790	-8.419355
-5.402742	-8.431156
-5.403694	-8.442965
-5.404645	-8.454852
-5.405597	-8.466750
-5.406549	-8.478512
-5.407500	-8.490250
-5.408452	-8.502000
-5.409403	-8.513816
-5.410355	-8.525652
-5.411307	-8.537352
-5.412259	-8.549023
-5.413210	-8.560711
-5.414162	-8.572461
-5.415113	-8.584234
-5.416065	-8.595875
-5.417017	-8.607488
-5.417968	-8.619113
-5.418920	-8.630797
-5.419872	-8.642504
-5.420823	-8.654242
-5.421775	-8.665961
-5.422727	-8.677531
-5.423678	-8.689047
-5.424630	-8.700563
-5.425581	-8.712141
-5.426533	-8.723730
-5.427485	-8.735207
-5.428436	-8.746656
-5.429388	-8.758117
-5.430340	-8.769633
-5.431292	-8.781180
-5.432243	-8.792605
-5.433195	-8.804004
-5.434146	-8.815410
-5.435098	-8.826879
-5.436049	-8.838363
-5.437001	-8.849742
-5.437953	-8.861082
-5.438905	-8.872430
-5.439856	-8.883832
-5.440808	-8.895254
-5.441760	-8.906707
-5.442711	-8.918148
-5.443663	-8.929457
-5.444614	-8.940707
-5.445566	-8.951957
-5.446518	-8.963250
-5.447469	-8.974559
-5.448421	-8.985773
-5.449373	-8.996953
-5.450325	-9.008137
-5.451276	-9.019371
-5.452228	-9.030633
-5.453179	-9.041797
-5.454131	-9.052930
-5.455082	-9.064066
-5.456034	-9.075246
-5.456986	-9.086453
-5.457938	-9.097570
-5.458889	-9.108648
-5.459841	-9.119730
-5.460793	-9.130855
-5.461744	-9.142004
-5.462696	-9.153176
-5.463647	-9.164344
-5.464599	-9.175398
-5.465551	-9.186398
-5.466503	-9.197391
-5.467454	-9.208414
-5.468406	-9.219465
-5.469357	-9.230430
-5.470309	-9.241355
-5.471261	-9.252285
-5.472212	-9.263254
-5.473164	-9.274254
-5.474116	-9.285176
-5.475067	-9.296055
-5.476019	-9.306941
-5.476971	-9.317863
-5.477922	-9.328812
-5.478874	-9.339789
-5.479825	-9.350762
-5.480777	-9.361641
-5.481729	-9.372457
-5.482680	-9.383266
-5.483632	-9.394098
-5.484584	-9.404961
-5.485536	-9.415746
-5.486487	-9.426492
-5.487439	-9.437242
-5.488390	-9.448027
-5.489342	-9.458840
-5.490294	-9.469676
-5.491245	-9.480512
-5.492197	-9.491266
-5.493149	-9.501961
-5.494100	-9.512641
-5.495052	-9.523352
-5.496004	-9.534082
-5.496955	-9.544750
-5.497907	-9.555375
-5.498858	-9.566004
-5.499810	-9.576660
-5.500762	-9.587348
-5.501713	-9.598055
-5.502665	-9.608773
-5.503617	-9.619410
-5.504569	-9.629984
-5.505520	-9.640559
-5.506472	-9.651145
-5.507423	-9.661754
-5.508375	-9.672309
-5.509326	-9.682824
-5.510278	-9.693336
-5.511230	-9.703875
-5.512182	-9.714445
-5.513133	-9.725035
-5.514085	-9.735633
-5.515037	-9.746160
-5.515988	-9.756629
-5.516940	-9.767090
-5.517891	-9.777563
-5.518843	-9.788063
-5.519795	-9.798508
-5.520747	-9.808910
-5.521698	-9.819320
-5.522650	-9.829746
-5.523602	-9.840203
-5.524553	-9.850680
-5.525505	-9.861168
-5.526456	-9.871594
-5.527408	-9.881957
-5.528360	-9.892316
-5.529311	-9.902684
-5.530263	-9.913074
-5.531215	-9.923484
-5.532166	-9.933902
-5.533118	-9.944258
-5.534070	-9.954562
-5.535021	-9.964855
-5.535973	-9.975160
-5.536924	-9.985484
-5.537876	-9.995770
-5.538828	-10.006012
-5.539780	-10.016258
-5.540731	-10.026520
-5.541683	-10.036809
-5.542634	-10.047121
-5.543586	-10.057441
-5.544538	-10.067715
-5.545489	-10.077934
-5.546441	-10.088137
-5.547393	-10.098348
-5.548344	-10.108586
-5.549296	-10.118836
-5.550248	-10.129094
-5.551199	-10.139305
-5.552151	-10.149465
-5.553102	-10.159609
-5.554054	-10.169762
-5.555006	-10.179934
-5.555957	-10.190125
-5.556909	-10.200328
-5.557861	-10.210477
-5.558813	-10.220586
-5.559764	-10.230672
-5.560716	-10.240773
-5.561667	-10.250891
-5.562619	-10.260977
-5.563570	-10.271027
-5.564522	-10.281074
-5.565474	-10.291129
-5.566426	-10.301219
-5.567377	-10.311316
-5.568329	-10.321438
-5.569281	-10.331512
-5.570232	-10.341543
-5.571184	-10.351555
-5.572135	-10.361574
-5.573087	-10.371609
-5.574039	-10.381660
-5.574990	-10.391727
-5.575942	-10.401746
-5.576894	-10.411723
-5.577846	-10.421684
-5.578797	-10.431648
-5.579749	-10.441633
-5.580700	-10.451625
-5.581652	-10.461637
-5.582604	-10.471605
-5.583555	-10.481535
-5.584507	-10.491445
-5.585459	-10.501355
-5.586411	-10.511289
-5.587362	-10.521230
-5.588314	-10.531187
